image: /home/wathanyu/cmu_robot/src/skid_bot/skid_navigation/maps/my_map.pgm
resolution: 0.020000
#origin: [0.000000, 0.000000, 0.000000]
origin: [-28.680000, -28.040000, 0.000000]
negate: 0
occupied_thresh: 0.65
free_thresh: 0.196

